Lx:  1.7412320039391811e-03 
Ly:  8.0000000000000004e-04 
Lz:  8.0000000000000004e-04 